P6 750 750 255

Quadrilateral
0 0
750 0
0 300
750 300
117 84 13
Quadrilateral
300 300
300 200
450 200
450 300
0 0 0

Quadrilateral
325 300
0 750
750 750
425 300
245 222 179

Quadrilateral
300 300
0 750
325 300
0 700
110 110 110
Quadrilateral
425 300
750 750
450 300
750 700
110 110 110

Quadrilateral
335 300
345 300
20 750
40 750
255 200 179
Quadrilateral
358 300
368 300
178 750
198 750
255 200 179
Quadrilateral
370 300
380 300
365 750
385 750
255 200 179
Quadrilateral
382 300
392 300
548 750
568 750
255 200 179
Quadrilateral
405 300
415 300
710 750
730 750
255 200 179

Triangle
0 300
300 300
0 700
168 121 19
Triangle
450 300
750 300
750 700
168 121 19


Circle
550 550
50
0 0 255

Circle
560 520
10
0 0 0

Circle
580 550
10
0 0 0

Circle
550 550
10
0 0 0

Triangle
325 300
350 300
336 250
190 190 190
Triangle
350 300
375 300
361 250
190 190 190
Triangle
375 300
400 300
386 250
190 190 190
Triangle
400 300
425 300
410 250
190 190 190

Triangle
336 310
361 310
349 260
210 210 210
Triangle
361 310
386 310
374 260
210 210 210
Triangle
386 310
410 310
399 260
210 210 210

Triangle
349 320
374 320
364 270
220 220 220
Triangle
374 320
399 320
387 270
220 220 220

Triangle
364 330
387 330
374 280
230 230 230
